Feature Name: date 
# of data: 4600 
# of unique data: 70 
unique datas: ['2014-05-02 00:00:00' '2014-05-03 00:00:00' '2014-05-04 00:00:00'
 '2014-05-05 00:00:00' '2014-05-06 00:00:00' '2014-05-07 00:00:00'
 '2014-05-08 00:00:00' '2014-05-09 00:00:00' '2014-05-10 00:00:00'
 '2014-05-11 00:00:00' '2014-05-12 00:00:00' '2014-05-13 00:00:00'
 '2014-05-14 00:00:00' '2014-05-15 00:00:00' '2014-05-16 00:00:00'
 '2014-05-17 00:00:00' '2014-05-18 00:00:00' '2014-05-19 00:00:00'
 '2014-05-20 00:00:00' '2014-05-21 00:00:00' '2014-05-22 00:00:00'
 '2014-05-23 00:00:00' '2014-05-24 00:00:00' '2014-05-25 00:00:00'
 '2014-05-26 00:00:00' '2014-05-27 00:00:00' '2014-05-28 00:00:00'
 '2014-05-29 00:00:00' '2014-05-30 00:00:00' '2014-05-31 00:00:00'
 '2014-06-01 00:00:00' '2014-06-02 00:00:00' '2014-06-03 00:00:00'
 '2014-06-04 00:00:00' '2014-06-05 00:00:00' '2014-06-06 00:00:00'
 '2014-06-07 00:00:00' '2014-06-08 00:00:00' '2014-06-09 00:00:00'
 '2014-06-10 00:00:00' '2014-06-11 00:00:00' '2014-06-12 00:00:00'
 '2014-06-13 00:00:00' '2014-06-14 00:00:00' '2014-06-15 00:00:00'
 '2014-06-16 00:00:00' '2014-06-17 00:00:00' '2014-06-18 00:00:00'
 '2014-06-19 00:00:00' '2014-06-20 00:00:00' '2014-06-21 00:00:00'
 '2014-06-22 00:00:00' '2014-06-23 00:00:00' '2014-06-24 00:00:00'
 '2014-06-25 00:00:00' '2014-06-26 00:00:00' '2014-06-27 00:00:00'
 '2014-06-28 00:00:00' '2014-06-29 00:00:00' '2014-06-30 00:00:00'
 '2014-07-01 00:00:00' '2014-07-02 00:00:00' '2014-07-03 00:00:00'
 '2014-07-04 00:00:00' '2014-07-05 00:00:00' '2014-07-06 00:00:00'
 '2014-07-07 00:00:00' '2014-07-08 00:00:00' '2014-07-09 00:00:00'
 '2014-07-10 00:00:00'] 

Feature Name: price 
# of data: 4600 
# of unique data: 1741 
unique datas: [ 313000.       2384000.        342000.       ...  416904.166667
  203400.        220600.      ] 

Feature Name: bedrooms 
# of data: 4600 
# of unique data: 10 
unique datas: [3. 5. 4. 2. 6. 7. 9. 1. 8. 0.] 

Feature Name: bathrooms 
# of data: 4600 
# of unique data: 26 
unique datas: [1.5  2.5  2.   2.25 1.   1.75 2.75 3.   3.25 3.5  8.   4.25 4.   3.75
 5.   4.5  5.75 1.25 6.5  4.75 0.75 5.25 5.5  6.25 0.   6.75] 

Feature Name: sqft_living 
# of data: 4600 
# of unique data: 566 
unique datas: [ 1340  3650  1930  2000  1940   880  1350  2710  2430  1520  1710  2920
  2330  1090  2910  1200  1570  3110  1370  1180  2240  1450  1750  2730
  1600  2090  2360  2200  2820  2600  1560  2860  1820  3630  3240   800
  1850  1960  2390  1580  1480   850  1770  1210  1160  1970  1270  3310
  1800  2210  1920  2190  3660  1320  1630  2680  2540   900  1650  1010
  2530  2850  2280  1900  1330  2170  2120  2490  1990  3690  2340  2110
  1140  1410  3180  2160  2350  2740  1680  3090  4010  2010  2370  1840
  2070  4340   840  1240  1390  2310  1050  2550  1120  2230   810  3190
  1670 13540  1880  1550  2050  2220  2300  1790  2440  3400  4420  1571
  1620  1408  3040  4490  1590  2450  1440  1100  2150  1490  1030   720
  2020  1300  3370  1890  1260  3470  2290  2810  1640  1500  2460  1230
  2331  3100  2060  3740  1420  1510  2130  3490  2260  3030  1310  3880
  3760  2970  1660  3200  3380  1110   930  1690  4510  1980  1170  2890
  2690  3569   990  4460  1250  1540  2520  3830  2410  1720  1760  4120
  1830  1400  1870  6210  1040  2720  2510   820  2420  3305  4130  2650
  2030  2270  1610   760  3560  2960   910  3700  2180  1860  1380  3000
  2140  4270  3900  1150  2656  1606  3160  1730  2660   980  1360  1810
  2320  3410  2250  1060  2480   960  3290  1020  3510   950  1190  2800
  3820  1460  2640  1910  2015   860  4230  3810  2790  1430  3750  2470
  1445  2100  3720  5860  2163  3480  2840  1352  1220  2830  3780  1470
  3060  1780  5190  2400  3540  7270   998  5420  3300  2560  4700  2980
  3460  4530  1290  1080  2670  3680  1280   970   700  2700  2780  2620
  2760  3070  2040   830  3270  3280  3360  3150  3001  3610  3120  3440
  1740  4400  5300  1950   650   790  3530  4860  1530  2876  3520  1700
  5774  1159  4470  2257  3430  2580  3320  4910  2930  3920  2870  3550
  4560  3020  3580  1232  3930  3950  1070  1726   870  1000  6490  2134
  5520  2080  2500   770  4180   680  2380  3230  4380  2880  1092  2770
  3050  3500  2303  3488  2750  3010  4850  2630  1396  5330  5305  3250
  3220   940   740  3140  2570  3600  3340  6040   590  4260  2052  1347
  3860  5060   550   430  3840   780  4220  4390  4080  4740  1814   580
   750  4580  5584  3670  1255  3390  4060  3080  1982  3790   920  3330
  4590  2610  1658  1296  5940  2495  2990  4250  4140  3420  4440  3890
  2798  3753  3910  2590  4410  4730  2900   710  6980  4430  4960  5700
  4240  3990  5550  4290  2675  3640   730  4370  4500  1175  1495  3800
  2961  1765  2481   560   670  4720  2437  4610  3590  3902  5180  5660
  1463  4160  1130  4670  2658  3450  4600  1405  4150  1811  3730  1392
  1651  2940  5270  3870  2732  2009  1295 10040   890   620  8670  2414
  3170  4210   982  2456  4030  3064  3960  5730  1769   420  4070  4200
  3770  3210  4310  1384  3130  1212  1088  9640  4170  1494  4100  1413
  4360  6050  1689  3850  2795  6430   660  3260  4680  2807  1584  3620
  2496  4750  5990  2238  4640   380  3940  6900  3366  5480  6630  2950
  4570  2242  2341  2034  6390  4810   690  4620  4690  3570  4000  4225
  5850  4660  1481  2025  2085  4040  4480  1444  1715  6640  2432  1068
  4830  5000  3350  4350  7050   370  3970  2375  2701  3002  2105  4930
  5070  3316  4110  5010  3595  4050  1995  2286  5430  1601  3176  1785
  6500  7320  4710   630  1984   490  3710  2783  4280  5780  6070  3206
   520  4630  5030  5340  5960  2192  2068  2683  5230  4550  3831  1954
  8020  2538] 

Feature Name: sqft_lot 
# of data: 4600 
# of unique data: 3113 
unique datas: [ 7912  9050 11947 ...  7573  7014  8102] 

Feature Name: floors 
# of data: 4600 
# of unique data: 6 
unique datas: [1.5 2.  1.  2.5 3.  3.5] 

Feature Name: waterfront 
# of data: 4600 
# of unique data: 2 
unique datas: [0 1] 

Feature Name: view 
# of data: 4600 
# of unique data: 5 
unique datas: [0 4 1 2 3] 

Feature Name: condition 
# of data: 4600 
# of unique data: 5 
unique datas: [3 5 4 2 1] 

Feature Name: sqft_above 
# of data: 4600 
# of unique data: 511 
unique datas: [1340 3370 1930 1000 1140  880 1350 2710 1570 1520 1710 1910 1970 1090
 2910 1200 3110 1370 1180 1550 1450 1470 2730 1130 1360 1300 2820 1700
 1560 2190 1640 2300 3240  800 1650 1440 1580 1480  850 1770 1210 1160
 1270 3310 1880 1800 1460 1070 3660 1040 1280 2680 2540 2920  900 1010
 2010 1990 1900 1330 1110 1610 1620 2490 3690 1320 2110 3180 1400 2780
 1810  780 1680 1750 1410 2850 2370 1540 4340  840 1240 1050 2310 1120
 2230  810 1690 1670 9410 1430 2220 1960 1080 1790 2440 1940 3400 3410
 1571 1408 3040 3200 1590 2450 1100  860 2150 2000 1030  720 2020  980
 1260 3470 2290 1850 2460 1020 2331 2400  960 3740 1420 1170 2280 1630
 3030 1310 3880 1230 2740 3380  930 1060 4510  740 2690 3569 3930  990
 2430 4460 1250 1600 1220 1780 1720 1760 1830 1870 4760 2720 1920  820
 1860 2245 3170 1890 2030 2130  760 3560  910 3700 2180 1380 1500 1660
 1490 3900 1150 2656 1606 2090 2550 2660 1290 2320 2250 1390  650 3290
 1980 3510 1510  790 1190 1840 2015 4230 2560 2790 3750 2600 2260 2470
 3000 2100 4910 2163 2340 2840 1352 3780 2330 3060 3390 3540 6420  798
 2160 3890 2830 3300  870 3420  770 2360 2890 2200 2350 2670  970  700
 2620 2040 3490  830  670 3360 3150 3190 3001 3120 3440 1740 4400 4570
 1950 3530 3820 1530 2140 2650 2210  950 4490 2120 1159 2240 2700 3100
 1820 4470 3810 1363 3430 2580 3320 2510 2070 2900 2060 3550 3800 1232
 3950 2170 1726  940 3280 3160 3940 2134 3570  890 2480 2500 3480 2880
  680 2640 2380 3230 4380 2800 1730 1092 2770 2390 3050 2860 2303 3488
  550 4850  920 2630 3010 1396 2760 3745 3250 2930 3140 4100  590 2080
 2980 4260 2052 1347 3860 5060 2420  430 3840 4220 4080 4740 3500  944
  580  750 4580 5584 3670 1255 4060 1982 2520 3720 2810 3790 3330 4590
 2610 1658 1296 4950 2495 2990 3090 2530 2798 3336 3130 4270 4140  710
 5330 4430 3680 4180 3350  630 4290 2675  730 3610 1405 4130 2050 2961
 2870 1765 2481  560 2437 3590 2782 4070 1463 4670 2658 4150 3070 1811
 3260 2590 3760 1392 3020 1651 4010 2009 1105 7680 4500  620 6120 2414
 4210  806 2456 4030 3064 3960 1341 4280 1769  420 3270 4410 2570 4120
 3650 3770  610 1144 2960 1212 3450 2970 1088 4820 4170  995 1494 2940
 1413 4420 6050 3640 2410 1689 2795 6430  660 3850 2807 1584 3870 2496
 3600 4050 3990 2238  380  690 2966 2750 4930 4000 3730 3220 2242 2270
 2341 3580 4560 2950 4810 4620 3920 4250 4225 4660 1481 2025 4040 3460
 1444 1715 6640 2432 1068 3710 4390 4350 3340 4320 5190  370 2375 2701
 3002 2105 5070 3316 4110 4370 3595 1995 2286 5430 1536 3830 2726 1595
 5180 7320 1564 3080  490 2783 4440 6070 3206  520 3210 5010 4770 2192
 2068 2683 3910 3831 1954 8020 2538] 

Feature Name: sqft_basement 
# of data: 4600 
# of unique data: 207 
unique datas: [   0  280 1000  800  860 1010  360  690  470  730  900  670  180 1330
  760  310  950  830  750  850  350 1170  520  630 1140  160  560  500
  780 1220  440  270  140  540 1370 1340 1160  680  300  910  340  740
 1500 4130  840  920  620  250  720   80 1290  240  490  480 1400 1100
  210  870  700 1030  530  880  650  960 1210 1360 1200  400  420  430
  590 1580  330 1380  940 1450  370  640  570 1230  600 1060 1130  260
  510  820  220 1070  100 1090  660  890   70 1250  550  145  710 1760
  410  290  450  150 1800  200 1460 1120 1530 1280   90  930 1180  320
 1350 1690  980 1190 1080 1700  810 1050 1020 1480  390 1270  790 1540
  580 1040  516  610 1284  380  770  894  120 1110 1260 1740 1420 2550
 1950 1510  130 1300  970  230 2330 1910  170   60 1670  906  110 1660
 1560 1940 1620  990  190 2100 2070  460 2180  417 2060   50 1650 2850
 2200  435 2000 1860 1320 2110 2300 2150  265 1780 1610  862 2360  176
 1600 1490 1440 4820 1850 1590   20 1150 2080 1630  875 1830 1720  475
 1310 2020 2730 1430   65 1840 1730 1870 1520 2030 1640] 

Feature Name: yr_built 
# of data: 4600 
# of unique data: 115 
unique datas: [1955 1921 1966 1963 1976 1938 1989 1985 1945 1948 1909 1980 1939 1965
 1956 1997 1987 1983 1923 1954 2005 1991 1959 1920 1979 1951 1967 2004
 2014 1995 1944 1992 1957 1978 1974 1950 1990 1949 1968 1977 1996 2001
 2000 1929 2006 2008 2009 2012 2013 2007 1986 1973 1988 1900 1928 1982
 1960 2003 1998 1942 1908 1958 1971 1975 1961 1924 1902 1962 1953 1999
 1994 1930 1984 2010 1912 1947 1916 1940 1970 1952 1964 1926 1905 1969
 1903 1943 1993 1946 1910 1904 1981 1906 1922 2011 2002 1917 1913 1914
 1937 1925 1932 1918 1972 1941 1919 1936 1911 1927 1931 1901 1907 1915
 1935 1933 1934] 

Feature Name: yr_renovated 
# of data: 4600 
# of unique data: 60 
unique datas: [2005    0 1992 1994 2010 1988 2009 1969 2000 1979 1989 2014 1999 2003
 1983 1997 1912 1923 1954 2011 2001 2013 2006 1972 1985 1998 2004 1958
 2008 1970 1982 1986 1996 2002 1971 1990 1956 1945 1984 2012 1993 2007
 1981 1974 1963 1968 1995 1934 1953 1966 1955 1987 1960 1978 1980 1948
 1991 1913 1977 1975] 

Feature Name: street 
# of data: 4600 
# of unique data: 4525 
unique datas: ['18810 Densmore Ave N' '709 W Blaine St' '26206-26214 143rd Ave SE' ...
 '759 Ilwaco Pl NE' '5148 S Creston St' '18717 SE 258th St'] 

Feature Name: city 
# of data: 4600 
# of unique data: 44 
unique datas: ['Shoreline' 'Seattle' 'Kent' 'Bellevue' 'Redmond' 'Maple Valley'
 'North Bend' 'Lake Forest Park' 'Sammamish' 'Auburn' 'Des Moines'
 'Bothell' 'Federal Way' 'Kirkland' 'Issaquah' 'Woodinville'
 'Normandy Park' 'Fall City' 'Renton' 'Carnation' 'Snoqualmie' 'Duvall'
 'Burien' 'Covington' 'Inglewood-Finn Hill' 'Kenmore' 'Newcastle'
 'Mercer Island' 'Black Diamond' 'Ravensdale' 'Clyde Hill' 'Algona'
 'Skykomish' 'Tukwila' 'Vashon' 'Yarrow Point' 'SeaTac' 'Medina'
 'Enumclaw' 'Snoqualmie Pass' 'Pacific' 'Beaux Arts Village' 'Preston'
 'Milton'] 

Feature Name: statezip 
# of data: 4600 
# of unique data: 77 
unique datas: ['WA 98133' 'WA 98119' 'WA 98042' 'WA 98008' 'WA 98052' 'WA 98115'
 'WA 98038' 'WA 98045' 'WA 98155' 'WA 98105' 'WA 98074' 'WA 98106'
 'WA 98007' 'WA 98092' 'WA 98198' 'WA 98006' 'WA 98102' 'WA 98011'
 'WA 98125' 'WA 98003' 'WA 98136' 'WA 98033' 'WA 98029' 'WA 98117'
 'WA 98034' 'WA 98072' 'WA 98023' 'WA 98107' 'WA 98166' 'WA 98116'
 'WA 98024' 'WA 98055' 'WA 98077' 'WA 98027' 'WA 98059' 'WA 98075'
 'WA 98014' 'WA 98065' 'WA 98199' 'WA 98053' 'WA 98058' 'WA 98122'
 'WA 98103' 'WA 98112' 'WA 98005' 'WA 98118' 'WA 98177' 'WA 98004'
 'WA 98019' 'WA 98144' 'WA 98168' 'WA 98001' 'WA 98056' 'WA 98146'
 'WA 98028' 'WA 98148' 'WA 98057' 'WA 98040' 'WA 98010' 'WA 98051'
 'WA 98031' 'WA 98109' 'WA 98030' 'WA 98126' 'WA 98032' 'WA 98178'
 'WA 98288' 'WA 98108' 'WA 98070' 'WA 98188' 'WA 98002' 'WA 98039'
 'WA 98022' 'WA 98068' 'WA 98047' 'WA 98050' 'WA 98354'] 

Feature Name: country 
# of data: 4600 
# of unique data: 1 
unique datas: ['USA'] 

