Feature Name: Temperature 
# of data: 240 
# of unique data: 228 
unique datas: [ 3068  3042  2600  2800  1939  2840  2637  2650  2700  3600  3129  3134
  3628  3340  2799  3692  3192  3441 25000  7740  7220  8500 16500 12990
  8570  7700 11790  7230 39000 30000 15276  9700  5800  8052  6757  6380
  5936  5587  3826  3365  3270  3200  3008  3575  3574  3625 33750  3490
  3750  3834  3749  3650  3450  3660  3752  3535  3341  3432  2983  2835
  2935  3295  2945  2817  2774  2871  3345  3607  3304  3150  3550  3180
  2890  3342  2621  3158  7100 10574  8930 17200 14100  9675 12010 10980
 13720 19860  5300  4526  4077  4980  9030 11250  5112  7720 12098 36108
 33300 40000 23000 17120 11096 14245 24630 12893 24345 33421  3459  3605
  3615  3399  3610  3553  4015  6850  3780  3323  3531  3218  3146  3511
  3225  2861  2856  2731  3095  3100  2989  3542  3243  3091  3598  3324
  3541 13420 21020 18290 14520 11900  8924 12912 14732  7723 12984 29560
  8945 14060 16390 25070 28700 26140 20120 13023 37800 25390 11567 12675
  5752  8927  7282 19923 26373 17383  9373  3570  3500  4287 26000  3614
 18000 11000 12100 24490  2831  2914  3419  3453  2889  2968  3484  2778
  3523  3462  3257  2994  3212  3142  3496  3463 16790 15680 14982 13340
 18340 19920 24020 23092 17920 19360 22350 10012 13089 22012 34190 32460
  9320 19400 17140  8250 23678 12749  9383 23440 16787 18734  9892 10930
 23095 21738 24145 38234 32489 27739 21904 38940 30839  8829  9235 37882] 

Feature Name: L 
# of data: 240 
# of unique data: 208 
unique datas: [2.40000e-03 5.00000e-04 3.00000e-04 2.00000e-04 1.38000e-04 6.50000e-04
 7.30000e-04 4.00000e-04 6.90000e-04 1.80000e-04 2.90000e-03 1.22000e-02
 5.50000e-03 6.00000e-04 3.80000e-03 1.80000e-03 3.67000e-03 3.62000e-03
 3.90000e-02 5.60000e-02 4.90000e-04 1.70000e-04 1.30000e-02 8.50000e-05
 8.10000e-04 1.10000e-04 1.50000e-04 8.00000e-05 2.04000e+05 2.88400e+04
 1.13600e+03 7.40000e+01 8.10000e-01 8.70000e+00 1.43000e+00 1.35000e+00
 1.35700e+00 8.19000e-01 2.00000e+05 3.40000e+05 1.50000e+05 1.95000e+05
 2.80000e+05 3.20000e+05 1.23000e+05 1.84000e+05 2.20000e+05 2.70000e+05
 2.83000e+05 2.72000e+05 5.50000e+05 3.10000e+05 2.63000e+05 3.63000e+05
 1.74000e+05 2.09000e+05 5.60000e-03 6.70000e-04 2.40000e-04 3.40000e-04
 1.40000e-04 9.80000e-04 3.20000e-04 3.60000e-04 7.20000e-04 2.10000e-02
 2.20000e-02 8.50000e-03 8.80000e-03 4.00000e-03 1.00000e-03 3.40000e-03
 1.50000e-03 1.35000e-03 2.90000e-04 5.60000e-04 4.50000e-04 7.80000e-04
 7.40000e-04 1.10000e-03 5.90000e-01 1.53000e-01 8.50000e-02 3.57000e-01
 4.50000e+01 6.72000e+02 6.30000e-01 7.92000e+00 6.89000e+02 1.98000e+05
 2.40000e+05 8.13000e+05 1.27000e+05 2.35000e+05 1.12000e+05 2.31000e+05
 1.42000e+05 3.52000e+05 1.00000e+05 1.26000e+05 1.17000e+05 1.32000e+05
 1.45000e+05 2.82000e+05 7.40000e+04 2.29000e+05 4.30000e-04 9.30000e-04
 5.40000e-04 6.40000e-04 7.60000e-04 8.70000e-04 1.90000e-04 8.96000e-04
 4.37000e-04 2.30000e-04 8.00000e-03 8.70000e-03 9.00000e-04 2.30000e-03
 8.10000e-03 1.30000e-03 5.90000e-04 8.20000e-04 2.80000e-04 7.10000e-04
 8.80000e-04 1.88000e+05 3.80000e+01 1.09200e+03 1.27800e+03 1.45000e+04
 1.67900e+04 1.45200e+04 4.72000e+03 9.98000e+02 2.02900e+05 2.23000e+05
 2.51000e+05 4.52000e+05 2.45000e+05 2.39000e+05 1.31000e+05 1.52000e+05
 3.42900e+05 4.24520e+05 1.38000e+05 6.30000e+05 3.16000e+05 1.70000e+05
 1.20000e+05 2.48490e+05 2.31000e-04 6.31000e-04 2.45000e-04 4.52000e-04
 6.21000e-04 3.52000e-04 4.61000e-04 5.51000e-04 8.49000e-04 9.57000e-04
 5.30000e-03 7.20000e-03 1.60000e-03 5.40000e-03 2.70000e-03 1.32000e-03
 1.25000e-03 6.50000e-03 1.40000e-03 1.22000e-03 1.18000e-03 1.09000e-03
 1.34000e-03 1.56000e-03 1.59000e-03 1.11000e-03 1.24500e+04 5.52000e+02
 7.88000e+02 6.74800e+03 1.98200e+05 1.73800e+05 2.90000e+01 1.09200e+04
 8.83000e+02 9.25000e+00 2.44290e+05 3.32520e+05 3.42940e+05 5.37430e+05
 2.46730e+05 2.24780e+05 5.93900e+05 7.83930e+05 3.47820e+05 7.48890e+05
 3.82993e+05 2.72830e+05 6.48430e+05 8.49420e+05 7.48490e+05 3.74830e+05
 8.34042e+05 5.37493e+05 4.04940e+05 2.94903e+05] 

Feature Name: R 
# of data: 240 
# of unique data: 216 
unique datas: [1.7000e-01 1.5420e-01 1.0200e-01 1.6000e-01 1.0300e-01 1.1000e-01
 1.2700e-01 9.6000e-02 1.3000e-01 5.1000e-01 3.7610e-01 1.9600e-01
 3.9300e-01 1.4000e-01 2.4000e-01 4.7000e-01 1.9670e-01 3.5100e-01
 8.4000e-03 1.2340e-02 1.1000e-02 1.0000e-02 1.4000e-02 9.8400e-03
 9.7000e-03 1.2800e-02 1.3000e-02 1.0600e+01 6.3000e+00 7.2000e+00
 2.8900e+00 9.0000e-01 1.8000e+00 1.1200e+00 9.8000e-01 1.1060e+00
 9.9000e-01 1.9000e+01 2.3000e+01 8.8000e+01 1.7000e+01 2.5000e+01
 2.9000e+01 4.5000e+01 8.9000e+01 8.4000e+01 2.6000e+01 1.5200e+03
 1.2600e+03 1.1830e+03 1.6480e+03 1.3240e+03 1.3490e+03 1.6730e+03
 1.2840e+03 9.5500e+02 1.5460e+03 5.7000e-02 1.9000e-01 9.4000e-02
 9.1800e-02 1.1600e-01 1.3200e-01 9.3000e-02 9.1100e-02 1.1800e-01
 1.2000e-01 2.7300e-01 3.8000e-01 1.8000e-01 3.5000e-01 2.9100e-01
 3.0700e-01 9.8000e-02 1.6100e-01 1.2000e-02 9.2000e-03 9.5000e-03
 1.5000e-02 8.9000e-03 1.0900e-02 8.7000e-03 8.9200e-03 1.3100e-02
 9.1000e-01 8.6500e-01 7.9500e-01 1.1300e+00 2.6300e+00 6.9800e+00
 8.7600e-01 1.3400e+00 7.0100e+00 1.0200e+01 1.2000e+01 1.4000e+01
 3.6000e+01 8.3000e+01 4.2000e+01 6.3000e+01 5.7000e+01 6.7000e+01
 1.2890e+03 1.1240e+03 1.6350e+03 1.4860e+03 1.5220e+03 1.5340e+03
 8.7600e+02 1.4670e+03 9.1200e-02 9.7600e-02 9.3200e-02 1.0900e-01
 1.2100e-01 8.9900e-02 7.8200e-02 8.5600e-02 4.9200e-01 3.1000e-01
 3.4000e-01 6.2000e-01 7.3000e-01 5.6000e-01 2.5600e-01 9.8100e-03
 1.1200e-02 9.3400e-03 9.7200e-03 8.9800e-03 8.7900e-03 9.4500e-03
 8.7800e-03 9.9600e-03 6.0200e+00 2.4870e+00 5.7450e+00 5.6800e+00
 5.9200e+00 6.4000e+00 5.4900e+00 6.7800e+00 6.2100e+00 6.8600e+00
 9.7000e+01 3.5000e+01 2.4000e+01 7.3000e+01 3.9000e+01 3.0000e+01
 1.4800e+03 1.4200e+03 1.3150e+03 1.6790e+03 1.1900e+03 1.5530e+03
 1.0450e+03 1.7790e+03 7.0890e+02 1.1345e+03 9.1500e-02 1.2600e-01
 9.8700e-02 7.7300e-02 9.7300e-02 1.1900e-01 9.9800e-02 1.1200e-01
 1.2900e-01 1.4800e-01 4.6000e-01 2.8000e-01 3.7800e-01 3.1900e-01
 6.7000e-01 2.5800e-01 3.3600e-01 4.7100e-01 6.7500e-01 1.2100e-02
 1.1400e-02 1.1300e-02 1.1600e-02 1.2400e-02 1.4200e-02 1.2700e-02
 1.0400e-02 1.0600e-02 9.9800e-03 6.3600e+00 5.8560e+00 5.9920e+00
 6.6400e+00 6.3900e+00 6.2370e+00 1.9100e+00 6.0300e+00 5.6530e+00
 1.9300e+00 7.6000e+01 9.8000e+01 8.1000e+01 6.2000e+01 4.6000e+01
 8.0000e+01 8.6000e+01 9.2000e+01 1.4940e+03 1.3560e+03 1.9485e+03
 1.2520e+03 1.1300e+03 1.1940e+03 1.4230e+03 1.1120e+03 1.7830e+03] 

Feature Name: A_M 
# of data: 240 
# of unique data: 228 
unique datas: [ 1.6120e+01  1.6600e+01  1.8700e+01  1.6650e+01  2.0060e+01  1.6980e+01
  1.7220e+01  1.7400e+01  1.7450e+01  1.6050e+01  1.0690e+01  1.1790e+01
  1.3210e+01  1.0480e+01  1.1782e+01  1.3070e+01  1.4790e+01  1.0800e+01
  1.3530e+01  1.1180e+01  1.0580e+01  1.4020e+01  1.4230e+01  1.4500e+01
  1.1890e+01  1.2230e+01  1.4200e+01  1.4470e+01  1.2590e+01  1.4080e+01
 -4.7000e+00 -4.2000e+00 -1.9700e+00  1.6000e-01  5.0500e+00  2.4200e+00
  2.4100e+00  2.9300e+00  4.4600e+00  5.0300e+00 -6.9300e+00 -6.2000e+00
 -6.0200e+00 -7.2200e+00 -6.0000e+00 -6.6000e+00 -6.7800e+00 -5.2400e+00
 -6.7400e+00 -6.1000e+00 -9.4000e+00 -7.6300e+00 -9.2000e+00 -8.0500e+00
 -7.7900e+00 -1.1750e+01 -1.1920e+01 -1.1280e+01 -1.1240e+01 -1.1360e+01
  1.6230e+01  1.6940e+01  1.6090e+01  1.6960e+01  1.8890e+01  1.7130e+01
  1.8340e+01  1.6450e+01  1.7390e+01  1.9430e+01  1.2300e+01  1.0120e+01
  1.3200e+01  1.1940e+01  1.0890e+01  1.1760e+01  1.3460e+01  1.1870e+01
  1.2810e+01  1.3980e+01  1.4090e+01  1.2020e+01  1.3780e+01  1.2450e+01
  1.2170e+01  1.2130e+01  1.1190e+01  1.2970e+01  1.1340e+01  5.4900e+00
  6.5060e+00  6.2280e+00  4.7800e+00  1.4500e+00 -2.3000e+00  4.6800e+00
  2.4400e+00  2.0000e-02 -4.4000e+00 -6.5000e+00 -6.2300e+00 -5.7600e+00
 -6.8900e+00 -5.9100e+00 -6.1200e+00 -5.8300e+00 -6.3400e+00 -6.2400e+00
 -5.7900e+00 -1.0700e+01 -1.0810e+01 -1.1330e+01 -1.0920e+01 -1.0860e+01
 -1.1030e+01 -1.1390e+01 -1.0250e+01 -1.0070e+01  1.7160e+01  1.9940e+01
  2.0020e+01  1.6920e+01  1.7120e+01  1.9630e+01  1.6880e+01  1.6710e+01
  1.9560e+01  1.8090e+01  1.0870e+01  1.0340e+01  1.1170e+01  1.3120e+01
  1.4750e+01  1.1430e+01  1.4260e+01  1.4330e+01  1.3670e+01  1.1520e+01
  1.2780e+01  1.1920e+01  1.1380e+01  1.4870e+01  1.2830e+01  1.2890e+01
  1.4810e+01  1.1230e+01 -4.0100e+00  1.2000e-01 -2.0400e+00 -3.3200e+00
 -3.9800e+00 -4.0900e+00 -3.8000e+00 -3.4000e+00 -1.3800e+00 -4.5600e+00
 -5.9200e+00 -6.2450e+00 -5.6200e+00 -6.6300e+00 -7.3400e+00 -5.6900e+00
 -6.0900e+00 -5.9900e+00 -7.5800e+00 -8.1800e+00 -9.1000e+00 -7.8900e+00
 -7.7100e+00 -8.3000e+00 -9.9000e+00 -7.8400e+00 -8.2400e+00  1.6210e+01
  1.8390e+01  1.7560e+01  1.7340e+01  1.7080e+01  1.6930e+01  1.6670e+01
  1.9450e+01  1.6350e+01  1.1470e+01  1.0730e+01  1.3450e+01  1.2854e+01
  1.2430e+01  1.3667e+01  1.4120e+01  1.4940e+01  1.4776e+01  1.2870e+01
  1.2900e+01  1.1220e+01  1.0550e+01  1.0180e+01  1.1660e+01  1.1620e+01
 -3.6700e+00  1.3000e-02 -1.2000e-01 -2.5500e+00 -4.5700e+00 -4.3600e+00
  1.2360e+00 -3.0800e+00 -2.6400e+00 -9.8000e-01 -6.2700e+00 -7.0200e+00
 -6.9800e+00 -5.9750e+00 -6.3500e+00 -7.4500e+00 -7.2620e+00 -6.2240e+00
 -5.9050e+00 -7.3460e+00 -8.8400e+00 -9.2900e+00 -1.0840e+01 -7.5900e+00
 -7.6700e+00 -9.9300e+00 -1.0630e+01 -1.0730e+01 -1.1230e+01 -7.8000e+00] 

Feature Name: Color 
# of data: 240 
# of unique data: 17 
unique datas: ['Red' 'Blue White' 'White' 'Yellowish White' 'Blue white'
 'Pale yellow orange' 'Blue' 'Blue-white' 'Whitish' 'yellow-white'
 'Orange' 'White-Yellow' 'white' 'yellowish' 'Yellowish' 'Orange-Red'
 'Blue-White'] 

Feature Name: Spectral_Class 
# of data: 240 
# of unique data: 7 
unique datas: ['M' 'B' 'A' 'F' 'O' 'K' 'G'] 

Feature Name: Type 
# of data: 240 
# of unique data: 6 
unique datas: [0 1 2 3 4 5] 

